-1.0 1.0 -1.0 4.0 -3.0 1.0
1.0 1.0 1.0 4.0 3.0 1.0
1.0 11.0 5.0 5.0 5.0 11.0
-------------------------------
0.0 1.0 2.0 1.0 1.0 4.0
0.0 1.0 2.0 1.0 1.0 4.0
6.0 6.0 8.0 12.0 10.0 6.0
-------------------------------
-6.0 4.0 -6.0 9.0 -9.0 6.0
-5.0 3.0 -5.0 13.0 1.0 9.0
-------------------------------
10.0 3.0 16.0 3.0 16.0 5.0
18.0 1.0 18.0 5.0 30.0 5.0
-------------------------------
-1.0 -4.0 -1.0 -5.0 -3.0 -8.0
2.0 -3.0 2.0 -1.0 6.0 5.0
-------------------------------
2.0 2.0 5.0 0.0 -12.0 2.0
-------------------------------
